-9.156044447907051520e+00 -7.045687204106483748e+00
-9.156048256747336467e+00 -7.038880248234759662e+00
-9.156052113539569604e+00 -7.032072255600615662e+00
-9.156055993199670340e+00 -7.025262189235530919e+00
-9.156059833732653530e+00 -7.018449008700481606e+00
-9.156063655462183704e+00 -7.011631673110935381e+00
-9.156067560977938058e+00 -7.004809144093590234e+00
-9.156071378061671595e+00 -6.997980366706279653e+00
-9.156075255089145770e+00 -6.991144298732754336e+00
-9.156079125489640091e+00 -6.984299881630106732e+00
-9.156083005451108647e+00 -6.977446056661306351e+00
-9.156086875166172590e+00 -6.970581756364394366e+00
-9.156090797732462150e+00 -6.963705914863362878e+00
-9.156094682126505901e+00 -6.956817443706617254e+00
-9.156098579985254560e+00 -6.949915260980980669e+00
-9.156102507884680719e+00 -6.942998273423726552e+00
-9.156106447805345994e+00 -6.936065374230508951e+00
-9.036120541422954844e+00 -6.911113449127628705e+00
-9.036125100018482570e+00 -6.903073357257847320e+00
-9.036129652286021496e+00 -6.895011005603249643e+00
-9.036134230956475832e+00 -6.886925073532900399e+00
-9.036138781572827128e+00 -6.878814210380492788e+00
-9.036143397719055059e+00 -6.870677076450982135e+00
-9.036148028321415282e+00 -6.862512289053698034e+00
-9.036152654356266467e+00 -6.854318452642679027e+00
-5.481249498846745283e+00 -6.055880120390342292e+00
-5.550879650185293279e+00 -6.031120335754199147e+00
-5.733965643461531592e+00 -6.034784310486920766e+00
-5.891224817722560125e+00 -6.035211100617138946e+00
-6.020595313807706184e+00 -6.031161180669612598e+00
-6.596550949187244939e+00 -6.149288933248728384e+00
-6.645736902295871218e+00 -6.131640778893517663e+00
-6.762600649275947617e+00 -6.134215103339824893e+00
-6.863625705644336605e+00 -6.134145827596737099e+00
-6.951968614841813832e+00 -6.131958868889628711e+00
-7.057624582587862960e+00 -6.136775787517604996e+00
-7.142377637146092084e+00 -6.136663686817379393e+00
-7.221537211608092477e+00 -6.136159348132913749e+00
-7.298705753568176746e+00 -6.136350906494570268e+00
-7.650459237781670474e+00 -6.235305028720469878e+00
-7.702564104610862827e+00 -6.231777067305470652e+00
-7.773161067122570600e+00 -6.236064746594971453e+00
-7.822366384563276043e+00 -6.233391397824415314e+00
-7.881043512370979442e+00 -6.235298991268094504e+00
-7.926469326584831165e+00 -6.232884841154817224e+00
-7.990815084375926247e+00 -6.239098677524932413e+00
-8.021280531921876289e+00 -6.232080865897540178e+00
-8.082560333621579218e+00 -6.238963695278129329e+00
-8.123007379195582800e+00 -6.237683216966629196e+00
-8.146558044959563816e+00 -6.229389774596387319e+00
-8.144494818992017215e+00 -6.209481095265286577e+00
-8.143703459572284586e+00 -6.189980853792038218e+00
-8.136541264507293647e+00 -6.167191759438725107e+00
-8.136552319177333459e+00 -6.147663532733588454e+00
-8.136563449591424302e+00 -6.127964616120537222e+00
-8.136574549145533908e+00 -6.108089663990182494e+00
-8.136585867448626885e+00 -6.088033366456862439e+00
-8.136597379166634170e+00 -6.067790119637617607e+00
-8.136609004455616301e+00 -6.047354125841303940e+00
-8.136620616279484963e+00 -6.026719387428451924e+00
-8.136632460735848227e+00 -6.005879939500741393e+00
-8.136644332818910641e+00 -5.984829377595837663e+00
-8.136656411812355216e+00 -5.963561325673764735e+00
-8.136668445684904327e+00 -5.942068949736263761e+00
-8.136680780567695948e+00 -5.920345567020785182e+00
-8.136693146447315783e+00 -5.898383898069822884e+00
-8.136705881467360513e+00 -5.876176815172208912e+00
-8.136718532368989898e+00 -5.853716441904451173e+00
-8.136731269155447421e+00 -5.830995047872081116e+00
-8.136744287493931083e+00 -5.808004664939899975e+00
-8.136757427182752522e+00 -5.784736809320520479e+00
-8.136770775301030767e+00 -5.761182876297096023e+00
-8.136784284024733083e+00 -5.737333864622057078e+00
-8.136797977859353992e+00 -5.713180506631514888e+00
-8.136811773097134548e+00 -5.688713121564137332e+00
-8.136825872171240093e+00 -5.663921894921425171e+00
-8.136840016295966649e+00 -5.638796296614295933e+00
-8.136854447487616326e+00 -5.613325796708176441e+00
-8.136869165435504314e+00 -5.587499279257604812e+00
-8.136883951207380505e+00 -5.561305024427213084e+00
-8.136898939138474063e+00 -5.534731151277169303e+00
-8.136914258984370818e+00 -5.507765315011713625e+00
-8.136929694263207224e+00 -5.480394385411130109e+00
-8.136945428214373166e+00 -5.452605055437480530e+00
-8.136961340461446923e+00 -5.424383210820234780e+00
-8.140101150141912711e+00 -5.398579879770811552e+00
-8.136993989519625714e+00 -5.366583302219668283e+00
-8.137010788143465234e+00 -5.336974288857605941e+00
-8.137027768233789260e+00 -5.306870672728576821e+00
-8.137045082347027503e+00 -5.276255394514103969e+00
-8.137062738139048790e+00 -5.245110510948117089e+00
-8.143651950044342058e+00 -5.220111766786844854e+00
-8.150129513433412853e+00 -5.194664820264032201e+00
-8.137531377742757144e+00 -5.148742935644303742e+00
-8.144126186729966577e+00 -5.122350963838166571e+00
-8.150614972928583057e+00 -5.095460137664590050e+00
-8.139004577496855575e+00 -5.048041878609749844e+00
-8.145605400992236511e+00 -5.020097270148445645e+00
-8.152105703694456196e+00 -4.991595830944824286e+00
-8.141438468064848166e+00 -4.942506625642743678e+00
-8.148046834715971798e+00 -4.912826538963232181e+00
-8.154559913575646135e+00 -4.882522704830451588e+00
-8.140994424900741322e+00 -4.826860856176269365e+00
-8.020146386683698836e+00 -4.634716099906508902e+00
-8.028655127075698061e+00 -4.601933093518113083e+00
-8.021714034065436039e+00 -4.548400550432781131e+00
-8.030272681223589615e+00 -4.514105412125529071e+00
-7.910101211865399051e+00 -4.304982072135469906e+00
-7.930903724348221218e+00 -4.283003738777070524e+00
-7.927004604119821884e+00 -4.226185978221531414e+00
-7.881523020452277706e+00 -4.108432640508777212e+00
-7.920388977655029805e+00 -4.109774872562037551e+00
-7.931140145310012990e+00 -4.070105972568760500e+00
-7.928540086574711765e+00 -4.009389645660393242e+00
-7.926317933589435150e+00 -3.947585489226981714e+00
-7.929946970468523482e+00 -3.893252207962689670e+00
-7.927978940239542638e+00 -3.828503535295895155e+00
-7.926380606122074290e+00 -3.762487574688824221e+00
-7.925147706382833945e+00 -3.695142395399553248e+00
-7.924275978784487862e+00 -3.626401672321442504e+00
-7.923761817656718165e+00 -3.556195464997657041e+00
-7.935211341760512127e+00 -3.504996003264788218e+00
-7.923791198881398046e+00 -3.411080078941390870e+00
-7.924327737247629067e+00 -3.336004298102762000e+00
-7.925208387809986377e+00 -3.259129940640105527e+00
-7.926429649797682941e+00 -3.180357297531695160e+00
-7.927988884723419893e+00 -3.099580649730144799e+00
-7.929883502048925337e+00 -3.016686096321973487e+00
-7.932110884828350805e+00 -2.931550619962828286e+00
-7.925140554682828409e+00 -2.824036560823547148e+00
-7.928240011371089579e+00 -2.734011747512123058e+00
-7.933337987383247025e+00 -2.644994960485777646e+00
-7.924329351338624150e+00 -2.520855520810334482e+00
-7.928188993633670023e+00 -2.421225058467245006e+00
-7.830631357198903686e+00 -2.078275339326133953e+00
-7.829320934840386492e+00 -1.951899964281116340e+00
-7.828718190332687676e+00 -1.821807051281879808e+00
-7.852418841473417288e+00 -1.747750046767794885e+00
-7.904563261366770455e+00 -1.744978680658343606e+00
-7.928170726987310069e+00 -1.666552108045856961e+00
-7.927774043566202522e+00 -1.518725082122891479e+00
-7.928079238820046726e+00 -1.365600453912118262e+00
-7.929082509385622757e+00 -1.206760219938141532e+00
-7.930779800747867370e+00 -1.041739593646878959e+00
-7.926680486565673256e+00 -8.500191660552793849e-01
-7.929948128703408372e+00 -6.710325086570065878e-01
-7.927795643553515959e+00 -4.641293730884825663e-01
-7.466961151545834952e+00 1.306703780398284387e+00
-7.580752583904086350e+00 1.185319974092515771e+00
-7.655551369452746613e+00 1.195162842737762965e+00
-7.732804207791858175e+00 1.195119316680583132e+00
-7.809696614932091663e+00 1.195075946413820311e+00
-7.856391429878687660e+00 1.315048944867016623e+00
-7.933714937163012237e+00 1.315005852283380072e+00
-7.872533928849281715e+00 1.915039874053298341e+00
-7.945883537729255153e+00 1.954998526294249750e+00
-7.837334578394196782e+00 2.855060358680746369e+00
-7.911235860874205272e+00 2.935018420093180147e+00
-7.939753670050602175e+00 3.255002115329369339e+00
-7.930648017654205795e+00 3.808283278167766461e+00
-7.832722283823724041e+00 4.921986332042568968e+00
-7.898030171241098074e+00 5.175026267648981992e+00
-7.461446058043287977e+00 8.635273667535816600e+00
-7.601522328421334684e+00 8.635194619698001617e+00
-7.741233772697041715e+00 8.635115202208933027e+00
-7.880602849197594573e+00 8.635036541706998747e+00
-8.019652018997780019e+00 8.634958316525278121e+00
-8.158403589118490729e+00 8.634879702917711342e+00
-8.296879506162605722e+00 8.634801276393506697e+00
-8.435101612880210098e+00 8.634723125771305519e+00
-8.573091640410144265e+00 8.634644856277358116e+00
-8.710871052009203197e+00 8.634567494303635016e+00
-8.989958168584491816e+00 6.594408844399660019e+00
-9.145859920740571525e+00 5.994320249560685987e+00
-9.265207226319473577e+00 5.894252902096238422e+00
-9.352534085940803266e+00 6.494203812471934789e+00
-9.470876020160151398e+00 6.494136698780564210e+00
-9.589145833182257661e+00 6.494070054468171982e+00
-9.707361610422196918e+00 6.494003339279230680e+00
-9.825541381257885121e+00 6.493936571874669106e+00
-9.943759718810955661e+00 6.593869743033804021e+00
-1.006279417302227763e+01 6.593801821213621572e+00
-1.018184675874561584e+01 6.593734418030648747e+00
-1.030093561728758722e+01 6.593666929696355261e+00
-1.031574888271232382e+01 3.653658378914705018e+00
-1.041811403993446028e+01 3.853600554390788524e+00
-1.063741235529412066e+01 6.193477239945404555e+00
-1.074715359210054544e+01 6.093414930691941400e+00
-1.072555970413283433e+01 4.153426809702593481e+00
-1.077786341635408185e+01 3.573396669256623248e+00
-1.086061443412928362e+01 3.453350666912620603e+00
-1.095301846845730864e+01 3.453298475171947324e+00
-1.105754129952250153e+01 3.566454035250516519e+00
-1.089327466607059236e+01 1.313331793609976650e+00
-1.096725183579043339e+01 1.313289425636061658e+00
-1.101229976808457423e+01 1.093263778513535733e+00
-1.107053796637044307e+01 9.932151938716744510e-01
-1.111217462140291978e+01 7.932075684467161381e-01
-1.118221275648679658e+01 7.931678586408761333e-01
-1.118528154977392575e+01 3.931663802728166957e-01
-1.125212519198918137e+01 3.931281544941906958e-01
-1.130802070218421918e+01 3.330967694201332208e-01
-1.136694741336358305e+01 2.930635797972298562e-01
-1.145393756674657126e+01 3.930142075931319923e-01
-1.152167326573287731e+01 3.929758885474967656e-01
-1.158966076783075216e+01 3.929376210512609546e-01
-1.165791177260126155e+01 3.928988526669021653e-01
-1.174851694510584998e+01 4.845952791788379344e-01
-1.181826155705394754e+01 4.848825800289713328e-01
-1.188926177765724290e+01 4.888180351676014723e-01
-1.149880034863577016e+01 -1.227011637218068607e+00
-1.154780709118545090e+01 -1.247039325398059617e+00
-1.160244799935234639e+01 -1.247070104359291776e+00
-1.162768516522661244e+01 -1.347084223327480679e+00
-1.168193307674085446e+01 -1.347115051544502506e+00
-1.170488487804991351e+01 -1.447127934903071456e+00
-1.175876188252144239e+01 -1.447158621681029267e+00
-1.178836070072581954e+01 -1.520527193983541636e+00
-1.179463391520359927e+01 -1.658294394001996075e+00
-1.178723331158491305e+01 -1.827914226332819858e+00
-1.183060065543582340e+01 -1.850024480752663791e+00
-1.188318560212302089e+01 -1.847229147297367646e+00
-1.193507828923964631e+01 -1.847258373489129468e+00
-1.198731986032054309e+01 -1.847287697290744823e+00
-1.203992173105643104e+01 -1.847317509104446032e+00
-1.209289581669887070e+01 -1.847347610330143830e+00
-1.214625437857949741e+01 -1.847377672232163981e+00
-1.220000965680664251e+01 -1.847408123039179451e+00
-1.225417442793087019e+01 -1.847438837805952971e+00
-1.086229289059221692e+01 -5.016704204258321198e+00
-1.086606629312559491e+01 -5.054631605757334611e+00
-1.086952043232188814e+01 -5.091900523172157911e+00
-1.088241949106547146e+01 -5.108554112550228510e+00
-1.089542923984915035e+01 -5.124622535307175930e+00
-1.091875493275902897e+01 -5.120144167008593428e+00
-1.094263989061494513e+01 -5.115143832871385854e+00
-1.096709371604507233e+01 -5.109649755268128146e+00
-1.098125602492082997e+01 -5.123681876435786542e+00
-1.293236710585536287e+01 -1.647822511568147519e+00
-1.299427132109434169e+01 -1.647857346286502711e+00
-1.291808994223490004e+01 -1.887814334573461039e+00
-1.293126589143485461e+01 -1.967821955537070622e+00
-1.299128911366796046e+01 -1.967855952926397478e+00
-1.208935992244251167e+01 -3.536694051388062032e+00
-1.209013415754233023e+01 -3.603199076908946363e+00
-1.214226423310903868e+01 -3.587375693725539882e+00
-1.218495131941171294e+01 -3.587399959175088693e+00
-1.139343668320385206e+01 -4.846952468948482640e+00
-1.139420428592530676e+01 -4.886952809535825892e+00
-1.140803577570776284e+01 -4.906960710180313434e+00
-1.143569859993512239e+01 -4.906976430674490075e+00
-1.146370173682088378e+01 -4.906992117474368698e+00
-1.149205552897545424e+01 -4.907008222407693410e+00
-1.152077115903177074e+01 -4.907024540451576655e+00
-1.168560166717741211e+01 -4.727117714178678654e+00
-1.170219701398378653e+01 -4.747127121279525852e+00
-1.168739086827100948e+01 -4.807118678511468346e+00
-1.171908744373345890e+01 -4.807136694621898521e+00
-1.175122724909399707e+01 -4.807154836291949174e+00
-1.178382449735360993e+01 -4.807173293643653089e+00
-1.181689419941802832e+01 -4.807191953061459522e+00
-1.219231021936251302e+01 -4.407404254066220162e+00
-1.223245416670235031e+01 -4.407426988539999257e+00
-1.227321196648648360e+01 -4.407449933532172182e+00
-1.231460391051301251e+01 -4.407473378168653255e+00
-1.235665151301220988e+01 -4.407497176615783552e+00
-1.239937705576561910e+01 -4.407521320702096901e+00
-1.244280359734542074e+01 -4.407545969298256594e+00
-1.159800159378866802e+01 -5.327068245545688363e+00
-1.158792574054368885e+01 -5.367062489396080771e+00
-1.161699432083293893e+01 -5.367078945120580258e+00
-1.098789721447569079e+01 -6.013644313675293063e+00
-1.097935314628330516e+01 -6.039756622879414394e+00
-1.099102937682187076e+01 -6.046118477540691316e+00
-1.098291199098113502e+01 -6.071014990546125922e+00
-1.099503012555824455e+01 -6.076848085405546662e+00
-1.098737131421906810e+01 -6.100585560655451545e+00
-1.097995472275955287e+01 -6.123606629845112614e+00
-1.099279925044016260e+01 -6.128554267761482599e+00
-1.098589479818135040e+01 -6.150497899479725916e+00
-1.097926135949460047e+01 -6.171770444531418320e+00
-1.099291877058622191e+01 -6.175911905627650356e+00
-1.098685942226683743e+01 -6.196178805396638012e+00
-1.098110441331419196e+01 -6.215814775838310879e+00
-1.099567481936295188e+01 -6.219219122150032142e+00
-1.099056585179294743e+01 -6.237912837802772614e+00
-1.100580857978910210e+01 -6.240951508440133466e+00
-1.102140859911878579e+01 -6.243950758383748578e+00
-1.105738918055942932e+01 -6.232392361150835391e+00
-1.107374989719169989e+01 -6.235581458706032976e+00
-1.107649558633596243e+01 -6.248536809280994753e+00
-1.107648724955261166e+01 -6.263273107973920339e+00
-1.107647904806509764e+01 -6.277833665334041413e+00
-1.107647095411722837e+01 -6.292223802064874860e+00
-1.107646288748404828e+01 -6.306448696968870671e+00
-1.107645492164845891e+01 -6.320513260363360253e+00
-1.107644709204283195e+01 -6.334422270630631679e+00
-1.107643929910549119e+01 -6.348180438178511409e+00
-1.107643151468050924e+01 -6.361792280154651813e+00
-1.107642399483610873e+01 -6.375262005931263687e+00
-1.107641636278079211e+01 -6.388594068562882811e+00
-1.107640894682765165e+01 -6.401792377624649255e+00
-1.107640155120827785e+01 -6.414861025937550920e+00
-1.107639418109391904e+01 -6.427803871545092029e+00
-1.107638694648858646e+01 -6.440624605205619524e+00
-1.107637975135064679e+01 -6.453326922555350897e+00
-1.107637271766806109e+01 -6.465914301357626570e+00
-1.107636566047876592e+01 -6.478390279195709311e+00
-1.107635862050934961e+01 -6.490758181407126237e+00
-1.107635165724969717e+01 -6.503021235863280403e+00
-1.107634485250607881e+01 -6.515182576023129002e+00
-1.107633798834531902e+01 -6.527245392192209117e+00
-1.107633119763326768e+01 -6.539212629959127554e+00
-1.107632453642006354e+01 -6.551087197560326203e+00
-1.109632267109650172e+01 -6.554393830043576230e+00
-1.109631588107329847e+01 -6.566296906639959019e+00
-1.113631831886966594e+01 -6.561975799160563838e+00
-1.115631595538207677e+01 -6.566247782108912467e+00
-1.121632203660861116e+01 -6.555506539213123318e+00
-1.119631054765982192e+01 -6.575746505959811472e+00
-1.127631994895591738e+01 -6.559166337931768176e+00
-1.127631250711763933e+01 -6.572367553472067137e+00
-1.133631669243819218e+01 -6.564861745620485856e+00
-1.135631280368166607e+01 -6.571806349509585310e+00
-1.139631233710492353e+01 -6.572571584862671124e+00
-1.139630447618899645e+01 -6.586618080206283032e+00
-1.139629649447376813e+01 -6.600587539437519524e+00
-1.139628870513588232e+01 -6.614482608171766920e+00
-1.139628089958893931e+01 -6.628306041637149093e+00
-1.139627303188902019e+01 -6.642060492811865835e+00
-1.139626533768740124e+01 -6.655748490510064563e+00
-1.139625764651975359e+01 -6.669372632071621787e+00
-1.149626400073586296e+01 -6.658059201474674005e+00
-1.159626940745942569e+01 -6.648536709390910460e+00
-1.159626076589851706e+01 -6.663826247658908741e+00
-1.161625466382149874e+01 -6.674631720740220153e+00
-1.175626277750298598e+01 -6.660305005366403464e+00
-1.179625805202564948e+01 -6.668759284073927596e+00
-1.453654919575796534e+01 -6.154581090389291909e+00
-1.455652798505208878e+01 -6.192475389299739064e+00
-1.455650422307804881e+01 -6.234111157011814619e+00
-1.169621057514992835e+01 -6.752600997865018329e+00
-1.169620173778744388e+01 -6.768367359228792068e+00
-1.169619274744575854e+01 -6.784090224066122055e+00
-1.169618393937965983e+01 -6.799772105614604101e+00
-1.169617512004725413e+01 -6.815415572625356688e+00
-1.169616627473266313e+01 -6.831023141059059611e+00
-1.169615745094829329e+01 -6.846597296910127639e+00
-1.169614864090353734e+01 -6.862140512868559306e+00
-1.171614097216160388e+01 -6.875740769518451145e+00
-1.243057159229495490e+01 -6.829307281798608464e+00
-1.243265132402208550e+01 -6.851062036825377177e+00
-1.251614596623008069e+01 -6.867176608708011720e+00
-1.335114752112312075e+01 -6.839190618949338329e+00
-1.334425844249964221e+01 -6.869444527015691193e+00
-1.333612759987360974e+01 -6.899604400451447184e+00
-1.333611088785449361e+01 -6.929320980733007396e+00
-1.291608783926044879e+01 -6.969779979589990404e+00
-1.291607327038410347e+01 -6.995797924496160114e+00
-1.291605856045692491e+01 -7.021807947851055332e+00
-1.291604383686728141e+01 -7.047814009783718525e+00
